0 0.0209999999999999 0
0 -0.0209999999999999 0
0.0102040816326531 0.0737490171755575 0
0.0102040816326531 -0.0737490171755575 0
0.0204081632653061 0.101136484538418 0
0.0204081632653061 -0.101136484538418 0
0.0306122448979592 0.121696396459743 0
0.0306122448979592 -0.121696396459743 0
0.0408163265306122 0.138503396181655 0
0.0408163265306122 -0.138503396181655 0
0.0510204081632653 0.152800922878386 0
0.0510204081632653 -0.152800922878386 0
0.0612244897959184 0.165241661657067 0
0.0612244897959184 -0.165241661657067 0
0.0714285714285714 0.176219309095114 0
0.0714285714285714 -0.176219309095114 0
0.0816326530612245 0.185993108702441 0
0.0816326530612245 -0.185993108702441 0
0.0918367346938776 0.19474440045276 0
0.0918367346938776 -0.19474440045276 0
0.102040816326531 0.202605725404492 0
0.102040816326531 -0.202605725404492 0
0.112244897959184 0.209677208732195 0
0.112244897959184 -0.209677208732195 0
0.122448979591837 0.216036425615766 0
0.122448979591837 -0.216036425615766 0
0.13265306122449 0.221744663881719 0
0.13265306122449 -0.221744663881719 0
0.142857142857143 0.226851070447696 0
0.142857142857143 -0.226851070447696 0
0.153061224489796 0.231395492182934 0
0.153061224489796 -0.231395492182934 0
0.163265306122449 0.235410477417568 0
0.163265306122449 -0.235410477417568 0
0.173469387755102 0.23892271844557 0
0.173469387755102 -0.23892271844557 0
0.183673469387755 0.241954109981506 0
0.183673469387755 -0.241954109981506 0
0.193877551020408 0.244522536222192 0
0.193877551020408 -0.244522536222192 0
0.204081632653061 0.246642460943349 0
0.204081632653061 -0.246642460943349 0
0.214285714285714 0.248325370826097 0
0.214285714285714 -0.248325370826097 0
0.224489795918367 0.249580106354079 0
0.224489795918367 -0.249580106354079 0
0.23469387755102 0.250413103921454 0
0.23469387755102 -0.250413103921454 0
0.244897959183673 0.250828565318045 0
0.244897959183673 -0.250828565318045 0
0.255102040816327 0.250828565318045 0
0.255102040816327 -0.250828565318045 0
0.26530612244898 0.250413103921454 0
0.26530612244898 -0.250413103921454 0
0.275510204081633 0.249580106354079 0
0.275510204081633 -0.249580106354079 0
0.285714285714286 0.248325370826097 0
0.285714285714286 -0.248325370826097 0
0.295918367346939 0.246642460943349 0
0.295918367346939 -0.246642460943349 0
0.306122448979592 0.244522536222192 0
0.306122448979592 -0.244522536222192 0
0.316326530612245 0.241954109981506 0
0.316326530612245 -0.241954109981506 0
0.326530612244898 0.23892271844557 0
0.326530612244898 -0.23892271844557 0
0.336734693877551 0.235410477417568 0
0.336734693877551 -0.235410477417568 0
0.346938775510204 0.231395492182934 0
0.346938775510204 -0.231395492182934 0
0.357142857142857 0.226851070447696 0
0.357142857142857 -0.226851070447696 0
0.36734693877551 0.221744663881719 0
0.36734693877551 -0.221744663881719 0
0.377551020408163 0.216036425615766 0
0.377551020408163 -0.216036425615766 0
0.387755102040816 0.209677208732195 0
0.387755102040816 -0.209677208732195 0
0.397959183673469 0.202605725404492 0
0.397959183673469 -0.202605725404492 0
0.408163265306122 0.19474440045276 0
0.408163265306122 -0.19474440045276 0
0.418367346938776 0.185993108702441 0
0.418367346938776 -0.185993108702441 0
0.428571428571429 0.176219309095114 0
0.428571428571429 -0.176219309095114 0
0.438775510204082 0.165241661657067 0
0.438775510204082 -0.165241661657067 0
0.448979591836735 0.152800922878386 0
0.448979591836735 -0.152800922878386 0
0.459183673469388 0.138503396181655 0
0.459183673469388 -0.138503396181655 0
0.469387755102041 0.121696396459743 0
0.469387755102041 -0.121696396459743 0
0.479591836734694 0.101136484538418 0
0.479591836734694 -0.101136484538418 0
0.489795918367347 0.0737490171755575 0
0.489795918367347 -0.0737490171755575 0
0.5 0.0209999999999999 0
0.5 -0.0209999999999999 0
0 0 0
0.02 0 0
0.04 0 0
0.06 0 0
0.08 0 0
0.1 0 0
0.12 0 0
0.14 0 0
0.16 0 0
0.18 0 0
0.2 0 0
0.22 0 0
0.24 0 0
0.26 0 0
0.28 0 0
0.3 0 0
0.32 0 0
0.34 0 0
0.36 0 0
0.38 0 0
0.4 0 0
0.42 0 0
0.44 0 0
0.46 0 0
0.48 0 0
0.5 0 0
